53
0.0 0.0   0.0   0.0   0.0   0.0   0.0   0.0
0.0 0.0  -2.0   0.0  20.0 -20.0 -20.0  20.0
0.0 0.0  -4.0   0.0   0.0   0.0   0.0   0.0
0.0 0.0  -6.0   0.0 -20.0  20.0  20.0 -20.0
0.0 0.0  -8.0   0.0   0.0   0.0   0.0   0.0
0.0 0.0 -10.0   0.0  20.0 -20.0 -20.0  20.0
0.0 0.0 -12.0   0.0   0.0   0.0   0.0   0.0
0.0 0.0 -14.0   0.0 -20.0  20.0  20.0 -20.0
0.0 0.0 -16.0   0.0   0.0   0.0   0.0   0.0
0.0 0.0 -18.0   0.0  20.0 -20.0 -20.0  20.0
0.0 0.0 -20.0   0.0   0.0   0.0   0.0   0.0
0.0 0.0 -22.0   0.0 -20.0  20.0  20.0 -20.0
0.0 0.0 -24.0   0.0   0.0   0.0   0.0   0.0
0.0 0.0 -26.0   0.0  20.0 -20.0 -20.0  20.0
0.0 0.0 -26.0   0.0   0.0   0.0   0.0   0.0
0.0 0.0 -26.0   0.0   0.0   0.0   0.0   0.0
0.0 0.0 -26.0   0.0   0.0   0.0   0.0   0.0
0.0 0.0 -26.0   0.0   0.0   0.0   0.0   0.0
0.0 0.0 -26.0  90.0   0.0   0.0   0.0   0.0
-2.0 0.0 -26.0  90.0 -20.0  20.0  20.0 -20.0
-4.0 0.0 -26.0  90.0   0.0   0.0   0.0   0.0
-6.0 0.0 -26.0  90.0  20.0 -20.0 -20.0  20.0
-8.0 0.0 -26.0  90.0   0.0   0.0   0.0   0.0
-8.0 0.0 -26.0   0.0   0.0   0.0   0.0   0.0
-8.0 0.0 -26.0   0.0   0.0   0.0   0.0   0.0
-8.0 0.0 -26.0   0.0   0.0   0.0   0.0   0.0
-8.0 0.0 -26.0   0.0   0.0   0.0   0.0   0.0
-8.0 0.0 -26.0 180.0   0.0   0.0   0.0   0.0
-8.0 0.0 -24.0 180.0 -20.0  20.0  20.0 -20.0
-8.0 0.0 -22.0 180.0   0.0   0.0   0.0   0.0
-8.0 0.0 -20.0 180.0  20.0 -20.0 -20.0  20.0
-8.0 0.0 -18.0 180.0   0.0   0.0   0.0   0.0
-8.0 0.0 -16.0 180.0 -20.0  20.0  20.0 -20.0
-8.0 0.0 -14.0 180.0   0.0   0.0   0.0   0.0
-8.0 0.0 -12.0 180.0  20.0 -20.0 -20.0  20.0
-8.0 0.0 -10.0 180.0   0.0   0.0   0.0   0.0
-8.0 0.0  -8.0 180.0 -20.0  20.0  20.0 -20.0
-8.0 0.0  -6.0 180.0   0.0   0.0   0.0   0.0
-8.0 0.0  -6.0 180.0   0.0   0.0   0.0   0.0
-8.0 0.0  -6.0 180.0   0.0   0.0   0.0   0.0
-8.0 0.0  -6.0 180.0   0.0   0.0   0.0   0.0
-8.0 0.0  -6.0 270.0   0.0   0.0   0.0   0.0
-6.0 0.0  -6.0 270.0  20.0 -20.0 -20.0  20.0
-4.0 0.0  -6.0 270.0   0.0   0.0   0.0   0.0
-2.0 0.0  -6.0 270.0 -20.0  20.0  20.0 -20.0
 0.0 0.0  -6.0 270.0   0.0   0.0   0.0   0.0
 0.0 0.0  -6.0 180.0   0.0   0.0   0.0   0.0
 0.0 0.0  -4.0 180.0  20.0 -20.0 -20.0  20.0
 0.0 0.0  -2.0 180.0   0.0   0.0   0.0   0.0
 0.0 0.0   0.0 180.0 -20.0  20.0  20.0 -20.0
 0.0 0.0   0.0 180.0   0.0   0.0   0.0   0.0
 0.0 0.0   0.0 270.0   0.0   0.0   0.0   0.0
 0.0 0.0   0.0 360.0   0.0   0.0   0.0   0.0